0 24 127 68
1 1 422 7
2 15 34 50
3 20 396 17
4 11 412 2
5 17 24 51
6 23 130 33
7 43 374 25
8 22 252 45
9 37 403 65
10 44 215 39
11 49 153 9
12 25 227 49
13 14 15 15
14 27 28 60
15 12 139 27
16 13 29 23
17 43 254 41
18 3 494 35
19 46 157 92
20 20 303 78
21 41 334 27
22 25 211 98
23 5 329 91
24 33 416 5
25 2 221 14
26 0 298 35
27 14 143 64
28 23 346 12
29 9 124 36
30 10 463 46
31 21 128 30
32 31 219 91
33 29 411 30
34 8 487 75
35 30 24 35
36 40 57 65
37 41 108 26
38 19 132 24
39 15 331 30
40 20 74 83
41 43 155 1
42 20 4 8
43 39 18 18
44 10 332 25
45 22 31 9
46 25 311 27
47 44 95 10
48 47 469 23
49 7 297 13
